430
266
387
254
54
198
312
459
289
157
441
6
83
387
145
230
264
366
26
345
173
429
279
287
429
14
78
415
334
474
318
388
177
142
75
461
109
5
156
219
265
490
184
43
387
111
416
7
447
283
273
484
441
18
12
381
223
277
125
232
78
312
283
251
422
438
46
371
416
210
274
346
321
466
383
126
132
251
326
358
118
480
60
367
122
361
114
45
407
152
468
25
235
78
97
157
245
209
271
341
228
500
91
160
55
499
452
82
387
201
117
450
441
265
478
27
435
108
482
111
284
383
76
365
439
194
490
392
122
487
455
211
410
486
127
43
360
289
295
242
208
98
182
306
97
193
184
7
179
425
366
159
442
97
136
227
191
134
53
343
228
436
369
262
98
73
361
154
147
343
429
206
248
97
327
301
425
412
36
228
499
144
289
341
67
342
434
169
132
169
268
355
373
156
416
34
175
464
377
416
114
76
220
388
302
339
334
438
311
198
85
203
242
362
89
327
456
455
377
164
186
446
144
304
57
105
187
350
432
147
195
195
298
207
431
77
187
168
312
285
99
443
493
256
442
162
266
12
157
99
84
236
128
52
102
372
183
500
392
369
348
466
51
246
343
367
406
7
118
42
142
88
398
399
351
255
107
438
389
316
70
169
174
95
367
179
107
436
115
344
397
479
295
452
40
320
493
216
224
448
105
459
222
326
450
422
381
421
113
422
444
249
118
260
5
262
406
445
306
175
411
114
236
472
481
151
106
371
115
121
409
57
321
318
340
36
143
476
105
436
380
460
356
342
217
262
275
229
272
82
137
291
470
5
79
166
68
59
399
289
154
19
393
223
19
280
459
61
62
24
454
164
25
282
