386
156
286
302
39
272
24
58
175
477
107
362
115
185
205
435
311
182
330
237
83
304
41
177
37
70
197
136
445
211
258
6
320
436
270
139
55
315
337
301
342
318
43
204
221
442
408
224
491
92
303
301
437
140
446
386
430
116
233
89
57
242
490
51
493
28
379
43
74
297
369
454
444
428
211
462
462
396
418
336
432
191
392
287
278
334
313
131
295
443
2
94
500
251
255
327
399
242
351
367
447
13
51
210
319
375
405
287
418
439
192
475
416
161
356
409
64
303
214
303
331
139
452
113
487
266
360
448
285
62
9
6
169
289
445
26
95
28
60
146
306
341
437
340
404
241
445
423
340
343
121
267
180
126
217
35
32
422
500
386
364
361
323
51
123
466
5
182
97
131
196
440
432
210
18
6
200
144
162
101
42
416
325
469
78
178
292
284
164
413
91
415
409
164
348
25
252
312
309
299
157
500
417
435
171
454
478
228
179
290
467
381
337
54
457
200
305
114
251
40
406
14
487
254
357
43
119
180
402
447
156
75
154
226
323
424
19
432
46
118
492
447
86
432
145
311
412
151
319
394
271
435
102
183
150
397
243
99
110
293
281
47
214
480
123
21
417
318
477
456
483
238
86
249
434
31
452
255
440
499
267
195
177
77
152
491
35
246
113
332
417
79
148
474
89
298
399
480
248
51
240
112
121
181
111
466
433
12
269
37
291
191
347
257
158
216
56
250
426
245
36
256
135
440
117
150
289
347
469
236
138
228
495
80
462
126
462
7
131
391
44
300
104
303
16
110
351
418
313
8
134
18
52
439
76
400
55
160
225
336
227
393
349
79
483
59
67
440
500
63
272
110
68
276
